ip,port,tag
1.117.72.208,80,Possible Cobaltstrike C2 IP
1.12.231.30,8080,Possible Cobaltstrike C2 IP
1.13.175.24,8060,Possible Cobaltstrike C2 IP
1.14.157.231,80,Possible Cobaltstrike C2 IP
1.15.246.91,6767,Possible Cobaltstrike C2 IP
1.15.25.138,3443,Possible Cobaltstrike C2 IP
1.15.25.148,3443,Possible Cobaltstrike C2 IP
1.15.25.148,9080,Possible Cobaltstrike C2 IP
1.71.0.100,443,Possible Cobaltstrike C2 IP
1.92.109.24,7777,Possible Cobaltstrike C2 IP
1.92.86.239,65534,Possible Cobaltstrike C2 IP
1.94.108.127,8081,Possible Cobaltstrike C2 IP
1.94.149.77,443,Possible Cobaltstrike C2 IP
1.94.149.77,80,Possible Cobaltstrike C2 IP
1.94.172.68,80,Possible Cobaltstrike C2 IP
1.94.221.238,443,Possible Cobaltstrike C2 IP
1.94.221.238,80,Possible Cobaltstrike C2 IP
1.94.62.205,8089,Possible Cobaltstrike C2 IP
1.94.62.205,8090,Possible Cobaltstrike C2 IP
1.94.63.197,4444,Possible Cobaltstrike C2 IP
1.94.63.197,9999,Possible Cobaltstrike C2 IP
101.132.131.225,11011,Possible Cobaltstrike C2 IP
101.132.173.62,80,Possible Cobaltstrike C2 IP
101.132.173.62,8001,Possible Cobaltstrike C2 IP
101.132.71.240,1443,Possible Cobaltstrike C2 IP
101.133.156.69,7001,Possible Cobaltstrike C2 IP
101.133.224.88,443,Possible Cobaltstrike C2 IP
101.200.165.71,443,Possible Cobaltstrike C2 IP
101.200.193.211,8088,Possible Cobaltstrike C2 IP
101.200.241.19,80,Possible Cobaltstrike C2 IP
101.201.247.232,4433,Possible Cobaltstrike C2 IP
101.32.109.112,443,Possible Cobaltstrike C2 IP
101.34.205.214,20443,Possible Cobaltstrike C2 IP
101.35.2.21,443,Possible Cobaltstrike C2 IP
101.35.228.105,443,Possible Cobaltstrike C2 IP
101.36.117.41,8880,Possible Cobaltstrike C2 IP
101.36.117.53,80,Possible Cobaltstrike C2 IP
101.37.34.164,47535,Possible Cobaltstrike C2 IP
101.43.16.149,80,Possible Cobaltstrike C2 IP
101.43.166.60,8888,Possible Cobaltstrike C2 IP
101.43.2.116,80,Possible Cobaltstrike C2 IP
101.43.91.156,18080,Possible Cobaltstrike C2 IP
101.91.125.228,443,Possible Cobaltstrike C2 IP
103.141.1.36,443,Possible Cobaltstrike C2 IP
103.171.35.26,9443,Possible Cobaltstrike C2 IP
103.23.149.233,8080,Possible Cobaltstrike C2 IP
103.241.72.221,80,Possible Cobaltstrike C2 IP
103.242.12.203,8686,Possible Cobaltstrike C2 IP
103.30.40.70,443,Possible Cobaltstrike C2 IP
103.43.18.230,443,Possible Metasploit C2 IP
103.97.179.158,8443,Possible Cobaltstrike C2 IP
104.160.9.139,443,Possible Metasploit C2 IP
104.194.140.142,8443,Possible Metasploit C2 IP
104.21.32.116,8443,Possible Cobaltstrike C2 IP
104.21.84.149,2095,Possible Cobaltstrike C2 IP
106.13.211.192,43082,Possible Cobaltstrike C2 IP
106.13.29.104,80,Possible Cobaltstrike C2 IP
106.14.126.40,80,Possible Cobaltstrike C2 IP
106.14.16.18,443,Possible Cobaltstrike C2 IP
106.14.213.29,80,Possible Cobaltstrike C2 IP
106.15.224.147,36545,Possible Cobaltstrike C2 IP
106.38.201.95,8080,Possible Cobaltstrike C2 IP
106.52.185.141,80,Possible Cobaltstrike C2 IP
106.52.2.166,443,Possible Cobaltstrike C2 IP
106.52.207.50,443,Possible Cobaltstrike C2 IP
106.52.208.143,46000,Possible Cobaltstrike C2 IP
106.52.62.253,443,Possible Cobaltstrike C2 IP
106.53.107.131,443,Possible Cobaltstrike C2 IP
106.54.239.134,80,Possible Cobaltstrike C2 IP
106.55.90.143,80,Possible Cobaltstrike C2 IP
106.75.162.108,81,Possible Cobaltstrike C2 IP
106.75.215.96,8081,Possible Cobaltstrike C2 IP
106.75.224.31,8081,Possible Cobaltstrike C2 IP
106.75.224.31,8082,Possible Cobaltstrike C2 IP
106.75.61.100,6699,Possible Cobaltstrike C2 IP
107.149.192.54,7443,Possible Cobaltstrike C2 IP
107.149.192.54,8080,Possible Cobaltstrike C2 IP
107.149.220.104,80,Possible Cobaltstrike C2 IP
107.173.57.205,8899,Possible Cobaltstrike C2 IP
107.174.115.223,2053,Possible Cobaltstrike C2 IP
107.174.147.15,53,Possible Cobaltstrike C2 IP
107.174.244.144,443,Possible Cobaltstrike C2 IP
107.174.67.215,9312,Possible Cobaltstrike C2 IP
107.175.242.93,443,Possible Cobaltstrike C2 IP
107.175.242.93,80,Possible Cobaltstrike C2 IP
109.169.66.125,443,Possible Metasploit C2 IP
109.173.161.202,4444,Possible Metasploit C2 IP
110.41.2.207,18443,Possible Cobaltstrike C2 IP
110.42.232.120,9191,Possible Cobaltstrike C2 IP
111.228.24.38,4444,Possible Cobaltstrike C2 IP
111.228.3.39,4433,Possible Cobaltstrike C2 IP
111.228.55.96,443,Possible Cobaltstrike C2 IP
111.229.178.230,50040,Possible Cobaltstrike C2 IP
111.229.187.190,8444,Possible Cobaltstrike C2 IP
111.229.239.68,8443,Possible Cobaltstrike C2 IP
111.229.4.108,2096,Possible Cobaltstrike C2 IP
111.230.113.53,443,Possible Cobaltstrike C2 IP
111.230.25.167,80,Possible Cobaltstrike C2 IP
111.230.5.199,2096,Possible Cobaltstrike C2 IP
112.124.71.123,443,Possible Cobaltstrike C2 IP
113.250.188.15,8454,Possible Cobaltstrike C2 IP
113.250.188.15,8886,Possible Cobaltstrike C2 IP
113.44.67.52,8089,Possible Cobaltstrike C2 IP
113.44.67.52,9443,Possible Cobaltstrike C2 IP
113.5.183.211,443,Possible Cobaltstrike C2 IP
114.132.150.96,8011,Possible Cobaltstrike C2 IP
114.132.217.187,443,Possible Cobaltstrike C2 IP
114.132.235.230,443,Possible Cobaltstrike C2 IP
114.132.248.120,443,Possible Cobaltstrike C2 IP
114.66.38.114,443,Possible Cobaltstrike C2 IP
114.66.38.114,85,Possible Cobaltstrike C2 IP
114.96.89.69,7777,Possible Cobaltstrike C2 IP
115.120.210.236,8090,Possible Cobaltstrike C2 IP
115.120.245.134,443,Possible Cobaltstrike C2 IP
115.190.140.220,1443,Possible Cobaltstrike C2 IP
115.190.161.178,1234,Possible Cobaltstrike C2 IP
115.190.235.92,80,Possible Cobaltstrike C2 IP
115.190.235.92,8001,Possible Cobaltstrike C2 IP
116.196.75.68,443,Possible Cobaltstrike C2 IP
116.196.75.68,80,Possible Cobaltstrike C2 IP
116.196.75.68,8888,Possible Cobaltstrike C2 IP
116.196.95.100,80,Possible Cobaltstrike C2 IP
116.198.229.197,6666,Possible Cobaltstrike C2 IP
116.198.233.179,6666,Possible Cobaltstrike C2 IP
116.203.31.207,9999,Possible Cobaltstrike C2 IP
116.205.143.204,53,Possible Cobaltstrike C2 IP
116.205.143.204,60600,Possible Cobaltstrike C2 IP
116.62.226.163,80,Possible Cobaltstrike C2 IP
117.21.178.210,443,Possible Cobaltstrike C2 IP
117.21.178.228,443,Possible Cobaltstrike C2 IP
117.50.163.22,8080,Possible Cobaltstrike C2 IP
117.50.190.56,443,Possible Cobaltstrike C2 IP
117.72.102.110,7788,Possible Cobaltstrike C2 IP
117.72.181.104,443,Possible Cobaltstrike C2 IP
117.72.222.203,80,Possible Cobaltstrike C2 IP
117.72.242.9,9999,Possible Cobaltstrike C2 IP
117.72.79.68,30001,Possible Cobaltstrike C2 IP
118.24.121.59,82,Possible Cobaltstrike C2 IP
118.25.85.198,8899,Possible Cobaltstrike C2 IP
118.31.16.216,443,Possible Cobaltstrike C2 IP
118.31.18.77,50001,Possible Cobaltstrike C2 IP
118.89.73.78,8088,Possible Cobaltstrike C2 IP
118.89.88.183,56781,Possible Cobaltstrike C2 IP
119.23.200.137,60001,Possible Cobaltstrike C2 IP
119.23.200.137,80,Possible Cobaltstrike C2 IP
119.23.208.137,60001,Possible Cobaltstrike C2 IP
119.23.208.137,80,Possible Cobaltstrike C2 IP
119.29.183.182,60000,Possible Cobaltstrike C2 IP
119.29.229.212,8002,Possible Cobaltstrike C2 IP
119.29.236.125,443,Possible Cobaltstrike C2 IP
119.3.154.143,80,Possible Cobaltstrike C2 IP
119.3.156.32,80,Possible Cobaltstrike C2 IP
119.45.250.8,443,Possible Cobaltstrike C2 IP
119.45.250.8,8443,Possible Cobaltstrike C2 IP
119.45.29.172,8089,Possible Cobaltstrike C2 IP
119.91.141.52,443,Possible Cobaltstrike C2 IP
120.24.169.38,443,Possible Cobaltstrike C2 IP
120.24.169.38,444,Possible Cobaltstrike C2 IP
120.24.38.217,4433,Possible Cobaltstrike C2 IP
120.24.38.217,8899,Possible Cobaltstrike C2 IP
120.24.64.74,80,Possible Cobaltstrike C2 IP
120.26.166.249,443,Possible Cobaltstrike C2 IP
120.26.166.249,80,Possible Cobaltstrike C2 IP
120.26.166.249,8080,Possible Cobaltstrike C2 IP
120.46.131.183,8964,Possible Cobaltstrike C2 IP
120.46.212.33,1112,Possible Cobaltstrike C2 IP
120.46.212.33,81,Possible Cobaltstrike C2 IP
120.46.28.4,8081,Possible Cobaltstrike C2 IP
120.48.50.33,8888,Possible Cobaltstrike C2 IP
120.78.83.129,10086,Possible Cobaltstrike C2 IP
120.79.229.151,81,Possible Cobaltstrike C2 IP
120.79.229.151,90,Possible Cobaltstrike C2 IP
120.79.255.238,8088,Possible Cobaltstrike C2 IP
120.79.64.164,443,Possible Cobaltstrike C2 IP
121.229.205.238,8888,Possible Cobaltstrike C2 IP
121.37.66.33,16851,Possible Cobaltstrike C2 IP
121.40.18.128,8888,Possible Cobaltstrike C2 IP
121.40.19.66,8080,Possible Cobaltstrike C2 IP
121.40.253.98,8978,Possible Cobaltstrike C2 IP
121.40.55.28,80,Possible Cobaltstrike C2 IP
121.40.69.150,53,Possible Cobaltstrike C2 IP
121.41.18.122,4434,Possible Cobaltstrike C2 IP
121.41.18.122,8998,Possible Cobaltstrike C2 IP
121.41.37.16,8880,Possible Cobaltstrike C2 IP
121.41.89.22,443,Possible Cobaltstrike C2 IP
121.43.110.28,81,Possible Cobaltstrike C2 IP
122.152.233.119,443,Possible Cobaltstrike C2 IP
122.228.223.241,443,Possible Cobaltstrike C2 IP
122.51.144.101,801,Possible Cobaltstrike C2 IP
122.51.46.102,80,Possible Cobaltstrike C2 IP
122.51.93.94,80,Possible Cobaltstrike C2 IP
123.207.20.187,443,Possible Cobaltstrike C2 IP
123.207.20.187,8080,Possible Cobaltstrike C2 IP
123.57.209.214,1234,Possible Cobaltstrike C2 IP
123.57.230.183,443,Possible Cobaltstrike C2 IP
123.58.64.57,34567,Possible Cobaltstrike C2 IP
123.60.182.88,443,Possible Cobaltstrike C2 IP
123.60.183.172,8088,Possible Cobaltstrike C2 IP
123.60.81.230,80,Possible Cobaltstrike C2 IP
124.156.113.135,443,Possible Cobaltstrike C2 IP
124.156.113.135,53,Possible Cobaltstrike C2 IP
124.156.166.78,7654,Possible Cobaltstrike C2 IP
124.221.174.136,8787,Possible Cobaltstrike C2 IP
124.221.32.87,9001,Possible Cobaltstrike C2 IP
124.222.218.20,2345,Possible Cobaltstrike C2 IP
124.222.22.192,443,Possible Cobaltstrike C2 IP
124.223.114.203,4433,Possible Cobaltstrike C2 IP
124.223.200.131,80,Possible Cobaltstrike C2 IP
124.223.200.131,8080,Possible Cobaltstrike C2 IP
124.223.218.3,10090,Possible Cobaltstrike C2 IP
124.70.0.56,8091,Possible Cobaltstrike C2 IP
124.70.165.73,80,Possible Cobaltstrike C2 IP
124.71.137.28,443,Possible Cobaltstrike C2 IP
124.71.158.149,80,Possible Cobaltstrike C2 IP
129.204.103.151,8081,Possible Cobaltstrike C2 IP
129.204.254.108,443,Possible Cobaltstrike C2 IP
129.226.158.84,47091,Possible Cobaltstrike C2 IP
129.226.212.179,11111,Possible Cobaltstrike C2 IP
129.226.212.179,11112,Possible Cobaltstrike C2 IP
129.28.85.210,443,Possible Cobaltstrike C2 IP
129.28.85.210,55112,Possible Cobaltstrike C2 IP
13.127.114.160,443,Possible Cobaltstrike C2 IP
134.122.140.185,80,Possible Cobaltstrike C2 IP
134.122.176.216,58825,Possible Cobaltstrike C2 IP
134.122.204.168,443,Possible Cobaltstrike C2 IP
134.175.186.196,443,Possible Cobaltstrike C2 IP
136.115.102.225,44444,Possible Cobaltstrike C2 IP
138.124.15.54,443,Possible Cobaltstrike C2 IP
139.196.223.82,443,Possible Cobaltstrike C2 IP
139.196.223.82,8443,Possible Cobaltstrike C2 IP
139.196.24.58,9443,Possible Cobaltstrike C2 IP
139.224.213.125,8086,Possible Cobaltstrike C2 IP
14.29.160.181,10080,Possible Cobaltstrike C2 IP
140.143.131.180,18443,Possible Cobaltstrike C2 IP
141.98.10.146,53,Possible Cobaltstrike C2 IP
141.98.197.31,21760,Possible Cobaltstrike C2 IP
141.98.197.31,9580,Possible Cobaltstrike C2 IP
143.198.235.51,443,Possible Cobaltstrike C2 IP
143.92.43.153,8011,Possible Cobaltstrike C2 IP
143.92.43.231,8011,Possible Cobaltstrike C2 IP
143.92.43.246,8011,Possible Cobaltstrike C2 IP
144.172.112.247,8001,Possible Cobaltstrike C2 IP
144.208.127.199,443,Possible Metasploit C2 IP
144.91.90.67,443,Possible Metasploit C2 IP
146.190.171.156,8443,Possible Cobaltstrike C2 IP
147.182.192.11,443,Possible Cobaltstrike C2 IP
147.45.47.88,443,Possible Cobaltstrike C2 IP
148.135.120.162,53,Possible Cobaltstrike C2 IP
15.206.66.46,443,Possible Cobaltstrike C2 IP
150.158.119.242,8443,Possible Cobaltstrike C2 IP
150.158.120.73,8083,Possible Cobaltstrike C2 IP
150.158.121.15,62000,Possible Cobaltstrike C2 IP
150.158.170.241,443,Possible Cobaltstrike C2 IP
150.158.37.254,80,Possible Cobaltstrike C2 IP
150.158.37.254,8888,Possible Cobaltstrike C2 IP
150.158.98.7,18443,Possible Cobaltstrike C2 IP
150.187.25.242,9999,Possible Cobaltstrike C2 IP
152.32.202.240,8443,Possible Cobaltstrike C2 IP
152.32.251.78,80,Possible Cobaltstrike C2 IP
154.12.31.97,443,Possible Cobaltstrike C2 IP
154.193.244.146,80,Possible Cobaltstrike C2 IP
154.201.64.231,443,Possible Metasploit C2 IP
154.201.74.112,1433,Possible Cobaltstrike C2 IP
154.201.74.112,2052,Possible Cobaltstrike C2 IP
154.201.74.112,8080,Possible Cobaltstrike C2 IP
154.219.109.205,443,Possible Cobaltstrike C2 IP
154.219.109.205,53,Possible Cobaltstrike C2 IP
154.219.109.205,849,Possible Cobaltstrike C2 IP
154.221.17.44,2666,Possible Cobaltstrike C2 IP
154.221.17.44,2888,Possible Cobaltstrike C2 IP
154.222.27.138,443,Possible Metasploit C2 IP
154.64.252.160,53,Possible Cobaltstrike C2 IP
154.83.12.115,53,Possible Cobaltstrike C2 IP
155.102.175.145,443,Possible Cobaltstrike C2 IP
155.102.181.183,443,Possible Cobaltstrike C2 IP
155.102.4.140,443,Possible Cobaltstrike C2 IP
155.102.4.22,443,Possible Cobaltstrike C2 IP
155.94.170.180,80,Possible Cobaltstrike C2 IP
156.227.233.153,443,Possible Cobaltstrike C2 IP
156.236.75.199,80,Possible Cobaltstrike C2 IP
156.238.233.21,443,Possible Cobaltstrike C2 IP
156.238.233.21,4499,Possible Cobaltstrike C2 IP
156.238.233.21,8056,Possible Cobaltstrike C2 IP
156.238.233.21,8089,Possible Cobaltstrike C2 IP
156.238.233.21,8090,Possible Cobaltstrike C2 IP
156.244.19.46,5555,Possible Cobaltstrike C2 IP
156.245.248.173,443,Possible Cobaltstrike C2 IP
156.251.25.152,2096,Possible Cobaltstrike C2 IP
157.66.222.129,80,Possible Cobaltstrike C2 IP
159.198.75.249,443,Possible Cobaltstrike C2 IP
159.75.148.143,80,Possible Cobaltstrike C2 IP
159.75.177.25,443,Possible Cobaltstrike C2 IP
159.75.201.5,8883,Possible Cobaltstrike C2 IP
159.75.211.248,53,Possible Cobaltstrike C2 IP
159.75.75.5,443,Possible Cobaltstrike C2 IP
159.75.95.192,443,Possible Cobaltstrike C2 IP
16.162.137.167,53,Possible Cobaltstrike C2 IP
160.250.128.197,8080,Possible Cobaltstrike C2 IP
162.209.178.186,38433,Possible Cobaltstrike C2 IP
162.209.178.187,38433,Possible Cobaltstrike C2 IP
162.209.178.188,38433,Possible Cobaltstrike C2 IP
162.209.178.189,38433,Possible Cobaltstrike C2 IP
162.209.178.190,38433,Possible Cobaltstrike C2 IP
163.181.228.148,443,Possible Cobaltstrike C2 IP
163.181.35.180,443,Possible Cobaltstrike C2 IP
163.181.35.203,443,Possible Cobaltstrike C2 IP
165.154.224.126,45231,Possible Cobaltstrike C2 IP
165.154.226.142,10080,Possible Cobaltstrike C2 IP
165.154.236.235,80,Possible Cobaltstrike C2 IP
165.22.48.119,4444,Possible Cobaltstrike C2 IP
168.107.35.93,8443,Possible Cobaltstrike C2 IP
169.239.129.45,53,Possible Cobaltstrike C2 IP
170.130.165.23,443,Possible Cobaltstrike C2 IP
170.130.165.84,443,Possible Cobaltstrike C2 IP
170.130.55.94,443,Possible Cobaltstrike C2 IP
170.64.238.23,5443,Possible Cobaltstrike C2 IP
171.244.143.184,443,Possible Cobaltstrike C2 IP
171.244.143.184,4443,Possible Cobaltstrike C2 IP
171.244.143.184,53,Possible Cobaltstrike C2 IP
171.244.143.184,80,Possible Cobaltstrike C2 IP
171.244.143.184,8880,Possible Cobaltstrike C2 IP
171.43.169.212,443,Possible Cobaltstrike C2 IP
172.67.186.100,8443,Possible Cobaltstrike C2 IP
172.67.194.45,2095,Possible Cobaltstrike C2 IP
173.212.239.206,443,Possible Metasploit C2 IP
173.231.247.84,64114,Possible Cobaltstrike C2 IP
173.44.62.141,443,Possible Cobaltstrike C2 IP
175.178.77.207,443,Possible Cobaltstrike C2 IP
175.178.83.231,443,Possible Cobaltstrike C2 IP
175.178.98.112,443,Possible Cobaltstrike C2 IP
175.24.234.176,443,Possible Cobaltstrike C2 IP
176.117.107.175,443,Possible Cobaltstrike C2 IP
176.188.139.132,443,Possible Cobaltstrike C2 IP
179.43.186.214,7889,Possible Cobaltstrike C2 IP
179.43.186.214,80,Possible Cobaltstrike C2 IP
18.138.186.108,8844,Possible Cobaltstrike C2 IP
18.167.20.90,8888,Possible Cobaltstrike C2 IP
180.76.138.238,443,Possible Cobaltstrike C2 IP
180.76.141.175,443,Possible Cobaltstrike C2 IP
182.160.1.146,8888,Possible Cobaltstrike C2 IP
183.78.152.175,808,Possible Cobaltstrike C2 IP
185.212.60.145,18443,Possible Cobaltstrike C2 IP
185.73.124.241,80,Possible Cobaltstrike C2 IP
191.101.2.93,53,Possible Cobaltstrike C2 IP
192.227.152.193,2083,Possible Cobaltstrike C2 IP
192.227.152.193,8443,Possible Cobaltstrike C2 IP
192.252.183.228,2053,Possible Cobaltstrike C2 IP
192.252.183.228,2083,Possible Cobaltstrike C2 IP
192.252.183.228,2087,Possible Cobaltstrike C2 IP
192.252.183.228,8443,Possible Cobaltstrike C2 IP
193.112.84.248,443,Possible Cobaltstrike C2 IP
193.142.146.30,9433,Possible Cobaltstrike C2 IP
193.29.58.30,443,Possible Cobaltstrike C2 IP
193.29.58.61,443,Possible Cobaltstrike C2 IP
193.42.25.65,1443,Possible Cobaltstrike C2 IP
194.14.217.158,443,Possible Cobaltstrike C2 IP
194.87.68.115,443,Possible Cobaltstrike C2 IP
195.177.94.233,443,Possible Cobaltstrike C2 IP
195.82.147.8,8080,Possible Cobaltstrike C2 IP
198.199.122.34,443,Possible Cobaltstrike C2 IP
198.55.109.241,80,Possible Cobaltstrike C2 IP
20.189.76.133,5000,Possible Cobaltstrike C2 IP
20.189.79.97,3352,Possible Cobaltstrike C2 IP
20.5.43.62,80,Possible Cobaltstrike C2 IP
20.74.209.192,8080,Possible Cobaltstrike C2 IP
20.74.209.192,8081,Possible Cobaltstrike C2 IP
202.146.218.74,2024,Possible Cobaltstrike C2 IP
202.162.99.237,443,Possible Cobaltstrike C2 IP
202.162.99.237,80,Possible Cobaltstrike C2 IP
207.148.68.118,53,Possible Cobaltstrike C2 IP
209.145.52.163,443,Possible Cobaltstrike C2 IP
209.145.52.163,4444,Possible Cobaltstrike C2 IP
209.38.116.17,443,Possible Cobaltstrike C2 IP
212.14.244.222,806,Possible Cobaltstrike C2 IP
212.14.244.222,808,Possible Cobaltstrike C2 IP
217.60.6.187,443,Possible Cobaltstrike C2 IP
217.60.6.187,80,Possible Cobaltstrike C2 IP
222.221.20.14,19002,Possible Cobaltstrike C2 IP
222.255.214.236,80,Possible Cobaltstrike C2 IP
23.254.202.119,443,Possible Cobaltstrike C2 IP
23.254.202.119,80,Possible Cobaltstrike C2 IP
23.94.232.137,443,Possible Cobaltstrike C2 IP
23.95.108.174,8990,Possible Cobaltstrike C2 IP
23.95.193.207,2096,Possible Cobaltstrike C2 IP
23.95.44.80,40843,Possible Cobaltstrike C2 IP
27.124.19.123,53,Possible Cobaltstrike C2 IP
27.152.185.109,443,Possible Cobaltstrike C2 IP
27.221.44.46,443,Possible Cobaltstrike C2 IP
27.25.152.245,443,Possible Cobaltstrike C2 IP
3.107.99.202,443,Possible Cobaltstrike C2 IP
3.21.97.241,80,Possible Cobaltstrike C2 IP
31.170.22.88,4430,Possible Metasploit C2 IP
34.169.71.114,4041,Possible Cobaltstrike C2 IP
35.196.251.29,443,Possible Cobaltstrike C2 IP
36.102.212.100,443,Possible Cobaltstrike C2 IP
36.111.166.231,9443,Possible Cobaltstrike C2 IP
36.140.162.173,4433,Possible Cobaltstrike C2 IP
36.140.162.173,8088,Possible Cobaltstrike C2 IP
36.140.28.13,7777,Possible Cobaltstrike C2 IP
38.147.170.252,2095,Possible Cobaltstrike C2 IP
38.147.170.55,443,Possible Cobaltstrike C2 IP
38.147.170.55,9999,Possible Cobaltstrike C2 IP
38.162.117.244,1099,Possible Cobaltstrike C2 IP
38.182.168.169,80,Possible Cobaltstrike C2 IP
38.190.198.35,443,Possible Cobaltstrike C2 IP
38.190.198.35,80,Possible Cobaltstrike C2 IP
38.190.198.55,443,Possible Cobaltstrike C2 IP
38.242.141.45,443,Possible Metasploit C2 IP
38.38.250.99,5800,Possible Cobaltstrike C2 IP
38.54.112.234,53,Possible Cobaltstrike C2 IP
38.54.115.233,4443,Possible Cobaltstrike C2 IP
38.54.115.233,8880,Possible Cobaltstrike C2 IP
38.55.99.179,8082,Possible Cobaltstrike C2 IP
38.60.209.55,443,Possible Metasploit C2 IP
38.85.201.33,4646,Possible Cobaltstrike C2 IP
39.100.70.46,1425,Possible Cobaltstrike C2 IP
39.100.90.182,80,Possible Cobaltstrike C2 IP
39.102.213.118,2443,Possible Cobaltstrike C2 IP
39.102.213.118,443,Possible Cobaltstrike C2 IP
39.104.22.98,29926,Possible Cobaltstrike C2 IP
39.104.78.25,8443,Possible Cobaltstrike C2 IP
39.105.165.37,80,Possible Cobaltstrike C2 IP
39.105.200.188,443,Possible Cobaltstrike C2 IP
39.105.7.149,443,Possible Cobaltstrike C2 IP
39.106.152.236,11443,Possible Cobaltstrike C2 IP
39.106.153.195,8899,Possible Cobaltstrike C2 IP
39.106.2.51,443,Possible Cobaltstrike C2 IP
39.106.216.88,80,Possible Cobaltstrike C2 IP
39.107.136.241,5555,Possible Cobaltstrike C2 IP
39.107.136.241,8081,Possible Cobaltstrike C2 IP
39.107.136.241,8082,Possible Cobaltstrike C2 IP
39.107.136.241,8088,Possible Cobaltstrike C2 IP
39.108.142.219,64412,Possible Cobaltstrike C2 IP
39.97.47.45,5555,Possible Cobaltstrike C2 IP
39.98.174.154,52683,Possible Cobaltstrike C2 IP
39.98.192.104,8443,Possible Cobaltstrike C2 IP
39.98.48.153,6443,Possible Cobaltstrike C2 IP
42.192.195.221,53311,Possible Cobaltstrike C2 IP
42.192.49.146,80,Possible Cobaltstrike C2 IP
42.193.221.173,443,Possible Cobaltstrike C2 IP
42.193.225.10,443,Possible Cobaltstrike C2 IP
42.194.154.53,443,Possible Cobaltstrike C2 IP
42.51.37.127,33399,Possible Cobaltstrike C2 IP
43.134.7.96,80,Possible Cobaltstrike C2 IP
43.138.0.179,8443,Possible Cobaltstrike C2 IP
43.138.0.179,9443,Possible Cobaltstrike C2 IP
43.139.145.178,443,Possible Cobaltstrike C2 IP
43.139.169.60,8009,Possible Cobaltstrike C2 IP
43.139.50.42,443,Possible Cobaltstrike C2 IP
43.139.50.42,53,Possible Cobaltstrike C2 IP
43.139.50.42,62213,Possible Cobaltstrike C2 IP
43.143.97.172,443,Possible Cobaltstrike C2 IP
43.153.222.28,433,Possible Cobaltstrike C2 IP
43.153.222.28,443,Possible Cobaltstrike C2 IP
43.153.222.28,4545,Possible Cobaltstrike C2 IP
43.153.222.28,4646,Possible Cobaltstrike C2 IP
43.153.60.198,8443,Possible Cobaltstrike C2 IP
43.155.252.158,443,Possible Cobaltstrike C2 IP
43.156.63.124,64494,Possible Cobaltstrike C2 IP
43.160.202.246,443,Possible Metasploit C2 IP
43.163.112.217,443,Possible Cobaltstrike C2 IP
43.199.78.142,53,Possible Cobaltstrike C2 IP
43.201.53.65,8888,Possible Cobaltstrike C2 IP
43.226.125.41,10443,Possible Cobaltstrike C2 IP
43.226.125.41,8889,Possible Cobaltstrike C2 IP
43.226.125.43,8889,Possible Cobaltstrike C2 IP
44.193.202.139,443,Possible Cobaltstrike C2 IP
45.115.236.152,23345,Possible Cobaltstrike C2 IP
45.115.236.152,37232,Possible Cobaltstrike C2 IP
45.115.236.152,442,Possible Cobaltstrike C2 IP
45.135.118.251,53,Possible Cobaltstrike C2 IP
45.152.64.127,8088,Possible Cobaltstrike C2 IP
45.152.67.162,443,Possible Cobaltstrike C2 IP
45.154.14.21,7777,Possible Cobaltstrike C2 IP
45.156.25.5,501,Possible Metasploit C2 IP
45.207.197.179,888,Possible Cobaltstrike C2 IP
45.249.208.252,3334,Possible Cobaltstrike C2 IP
45.32.65.63,9005,Possible Metasploit C2 IP
47.100.180.123,30004,Possible Cobaltstrike C2 IP
47.100.180.123,30005,Possible Cobaltstrike C2 IP
47.100.183.39,443,Possible Cobaltstrike C2 IP
47.100.183.39,8084,Possible Cobaltstrike C2 IP
47.100.196.58,80,Possible Cobaltstrike C2 IP
47.100.63.226,9999,Possible Cobaltstrike C2 IP
47.105.36.109,443,Possible Cobaltstrike C2 IP
47.105.55.111,8888,Possible Cobaltstrike C2 IP
47.107.136.106,80,Possible Cobaltstrike C2 IP
47.108.134.185,6677,Possible Cobaltstrike C2 IP
47.108.142.95,64535,Possible Cobaltstrike C2 IP
47.108.63.64,7787,Possible Cobaltstrike C2 IP
47.109.137.82,80,Possible Cobaltstrike C2 IP
47.109.145.121,8080,Possible Cobaltstrike C2 IP
47.109.198.8,6000,Possible Cobaltstrike C2 IP
47.109.48.57,443,Possible Cobaltstrike C2 IP
47.109.48.57,80,Possible Cobaltstrike C2 IP
47.109.58.47,80,Possible Cobaltstrike C2 IP
47.109.70.49,8022,Possible Cobaltstrike C2 IP
47.109.77.180,10100,Possible Cobaltstrike C2 IP
47.111.146.110,80,Possible Cobaltstrike C2 IP
47.113.107.52,8099,Possible Cobaltstrike C2 IP
47.113.179.177,80,Possible Cobaltstrike C2 IP
47.113.186.138,443,Possible Cobaltstrike C2 IP
47.113.186.138,53,Possible Cobaltstrike C2 IP
47.113.186.138,9443,Possible Cobaltstrike C2 IP
47.115.230.159,8088,Possible Cobaltstrike C2 IP
47.115.54.19,80,Possible Cobaltstrike C2 IP
47.116.17.233,443,Possible Cobaltstrike C2 IP
47.117.143.185,443,Possible Cobaltstrike C2 IP
47.120.25.38,80,Possible Cobaltstrike C2 IP
47.120.60.201,80,Possible Cobaltstrike C2 IP
47.120.60.201,8011,Possible Cobaltstrike C2 IP
47.120.60.201,8022,Possible Cobaltstrike C2 IP
47.120.70.161,6666,Possible Cobaltstrike C2 IP
47.121.137.8,80,Possible Cobaltstrike C2 IP
47.122.63.148,45981,Possible Cobaltstrike C2 IP
47.129.171.26,53,Possible Cobaltstrike C2 IP
47.129.2.130,53,Possible Cobaltstrike C2 IP
47.236.130.154,53,Possible Cobaltstrike C2 IP
47.236.149.142,46832,Possible Cobaltstrike C2 IP
47.236.159.248,53,Possible Cobaltstrike C2 IP
47.236.244.191,80,Possible Cobaltstrike C2 IP
47.236.56.15,4445,Possible Cobaltstrike C2 IP
47.242.129.79,10999,Possible Cobaltstrike C2 IP
47.242.129.79,12096,Possible Cobaltstrike C2 IP
47.242.129.79,2083,Possible Cobaltstrike C2 IP
47.242.129.79,2087,Possible Cobaltstrike C2 IP
47.242.13.32,443,Possible Cobaltstrike C2 IP
47.242.37.176,28080,Possible Cobaltstrike C2 IP
47.242.37.176,80,Possible Cobaltstrike C2 IP
47.243.175.24,8444,Possible Cobaltstrike C2 IP
47.244.167.171,4545,Possible Cobaltstrike C2 IP
47.244.167.171,801,Possible Cobaltstrike C2 IP
47.254.74.170,80,Possible Cobaltstrike C2 IP
47.52.58.121,4545,Possible Cobaltstrike C2 IP
47.52.58.121,801,Possible Cobaltstrike C2 IP
47.76.125.16,80,Possible Cobaltstrike C2 IP
47.76.185.85,18443,Possible Cobaltstrike C2 IP
47.76.249.169,80,Possible Cobaltstrike C2 IP
47.79.19.147,9000,Possible Cobaltstrike C2 IP
47.90.142.15,5432,Possible Cobaltstrike C2 IP
47.90.142.15,80,Possible Cobaltstrike C2 IP
47.90.142.15,804,Possible Cobaltstrike C2 IP
47.92.121.160,8443,Possible Cobaltstrike C2 IP
47.92.148.108,443,Possible Cobaltstrike C2 IP
47.92.148.108,80,Possible Cobaltstrike C2 IP
47.92.24.139,46644,Possible Cobaltstrike C2 IP
47.92.71.218,443,Possible Cobaltstrike C2 IP
47.92.83.128,443,Possible Cobaltstrike C2 IP
47.93.240.197,65433,Possible Cobaltstrike C2 IP
47.93.243.161,443,Possible Cobaltstrike C2 IP
47.93.28.103,33333,Possible Cobaltstrike C2 IP
47.93.28.103,80,Possible Cobaltstrike C2 IP
47.94.179.9,4444,Possible Cobaltstrike C2 IP
47.96.75.57,8081,Possible Cobaltstrike C2 IP
47.97.105.148,6543,Possible Cobaltstrike C2 IP
47.97.113.42,8080,Possible Cobaltstrike C2 IP
47.97.113.42,8443,Possible Cobaltstrike C2 IP
47.98.165.119,4321,Possible Cobaltstrike C2 IP
48.218.144.53,8000,Possible Cobaltstrike C2 IP
49.233.32.31,9443,Possible Cobaltstrike C2 IP
49.234.14.244,443,Possible Cobaltstrike C2 IP
49.234.46.15,58014,Possible Cobaltstrike C2 IP
49.235.177.231,9999,Possible Cobaltstrike C2 IP
49.235.84.148,5677,Possible Cobaltstrike C2 IP
52.238.29.163,443,Possible Cobaltstrike C2 IP
58.137.140.238,80,Possible Cobaltstrike C2 IP
59.110.47.61,80,Possible Cobaltstrike C2 IP
60.204.234.200,8443,Possible Cobaltstrike C2 IP
60.205.139.210,80,Possible Cobaltstrike C2 IP
62.234.51.80,443,Possible Cobaltstrike C2 IP
62.76.233.246,80,Possible Cobaltstrike C2 IP
67.219.102.244,53,Possible Cobaltstrike C2 IP
68.64.176.42,443,Possible Cobaltstrike C2 IP
68.64.176.42,5566,Possible Cobaltstrike C2 IP
70.34.196.238,53,Possible Cobaltstrike C2 IP
72.10.160.162,443,Possible Metasploit C2 IP
72.10.160.163,443,Possible Metasploit C2 IP
72.10.160.164,443,Possible Metasploit C2 IP
72.10.160.165,443,Possible Metasploit C2 IP
72.10.160.166,443,Possible Metasploit C2 IP
77.110.115.239,8443,Possible Metasploit C2 IP
8.130.24.191,443,Possible Cobaltstrike C2 IP
8.130.24.191,80,Possible Cobaltstrike C2 IP
8.130.42.227,10001,Possible Cobaltstrike C2 IP
8.131.50.94,4577,Possible Cobaltstrike C2 IP
8.131.50.94,4588,Possible Cobaltstrike C2 IP
8.134.163.72,801,Possible Cobaltstrike C2 IP
8.134.51.218,24444,Possible Cobaltstrike C2 IP
8.137.114.210,4433,Possible Cobaltstrike C2 IP
8.137.114.210,4455,Possible Cobaltstrike C2 IP
8.137.149.67,80,Possible Cobaltstrike C2 IP
8.137.149.67,8060,Possible Cobaltstrike C2 IP
8.137.149.67,8091,Possible Cobaltstrike C2 IP
8.137.77.49,1433,Possible Cobaltstrike C2 IP
8.138.167.123,443,Possible Cobaltstrike C2 IP
8.138.222.215,443,Possible Cobaltstrike C2 IP
8.138.27.20,81,Possible Cobaltstrike C2 IP
8.141.166.236,10001,Possible Cobaltstrike C2 IP
8.141.166.236,10020,Possible Cobaltstrike C2 IP
8.147.128.54,443,Possible Cobaltstrike C2 IP
8.147.234.137,8011,Possible Cobaltstrike C2 IP
8.148.194.157,443,Possible Cobaltstrike C2 IP
8.148.5.183,50001,Possible Cobaltstrike C2 IP
8.149.128.131,10668,Possible Cobaltstrike C2 IP
8.152.99.85,443,Possible Cobaltstrike C2 IP
8.153.205.30,8080,Possible Cobaltstrike C2 IP
8.153.97.202,3389,Possible Cobaltstrike C2 IP
8.153.97.202,443,Possible Cobaltstrike C2 IP
8.153.97.202,81,Possible Cobaltstrike C2 IP
8.159.146.72,443,Possible Cobaltstrike C2 IP
8.17.56.128,80,Possible Cobaltstrike C2 IP
8.210.236.92,5678,Possible Cobaltstrike C2 IP
8.219.76.168,443,Possible Cobaltstrike C2 IP
8.219.78.159,53,Possible Cobaltstrike C2 IP
80.64.30.50,3389,Possible Cobaltstrike C2 IP
80.64.30.50,443,Possible Cobaltstrike C2 IP
80.64.30.50,81,Possible Cobaltstrike C2 IP
81.17.18.26,443,Possible Metasploit C2 IP
81.17.20.66,443,Possible Metasploit C2 IP
81.69.98.230,50010,Possible Cobaltstrike C2 IP
81.69.98.230,50011,Possible Cobaltstrike C2 IP
81.70.17.79,62202,Possible Cobaltstrike C2 IP
81.70.186.19,4443,Possible Cobaltstrike C2 IP
81.70.186.19,801,Possible Cobaltstrike C2 IP
81.70.255.195,8080,Possible Cobaltstrike C2 IP
81.71.249.93,443,Possible Cobaltstrike C2 IP
81.71.35.186,443,Possible Cobaltstrike C2 IP
81.71.64.66,443,Possible Cobaltstrike C2 IP
81.71.82.54,443,Possible Cobaltstrike C2 IP
81.71.85.144,443,Possible Cobaltstrike C2 IP
82.156.19.76,2083,Possible Cobaltstrike C2 IP
82.202.173.167,8001,Possible Cobaltstrike C2 IP
82.202.173.170,8001,Possible Cobaltstrike C2 IP
83.212.86.169,9196,Possible Metasploit C2 IP
83.229.121.82,8090,Possible Cobaltstrike C2 IP
83.229.122.83,443,Possible Cobaltstrike C2 IP
83.229.125.215,2222,Possible Cobaltstrike C2 IP
83.229.125.215,4433,Possible Cobaltstrike C2 IP
83.229.125.47,8022,Possible Cobaltstrike C2 IP
83.229.125.47,8080,Possible Cobaltstrike C2 IP
83.229.125.47,8090,Possible Cobaltstrike C2 IP
83.229.126.183,80,Possible Cobaltstrike C2 IP
84.21.172.89,443,Possible Cobaltstrike C2 IP
84.241.22.227,9090,Possible Cobaltstrike C2 IP
85.175.101.203,53,Possible Cobaltstrike C2 IP
87.120.115.8,3306,Possible Cobaltstrike C2 IP
87.120.115.8,443,Possible Cobaltstrike C2 IP
87.120.116.156,8443,Possible Cobaltstrike C2 IP
88.214.26.34,443,Possible Cobaltstrike C2 IP
88.214.26.34,80,Possible Cobaltstrike C2 IP
89.147.108.198,4443,Possible Metasploit C2 IP
91.208.162.61,53,Possible Cobaltstrike C2 IP
91.219.215.6,443,Possible Metasploit C2 IP
91.229.76.113,443,Possible Metasploit C2 IP
91.92.241.247,443,Possible Cobaltstrike C2 IP
92.118.170.81,443,Possible Cobaltstrike C2 IP
93.179.101.17,80,Possible Cobaltstrike C2 IP
93.187.129.17,443,Possible Cobaltstrike C2 IP
94.242.61.116,443,Possible Metasploit C2 IP
94.242.61.116,4430,Possible Metasploit C2 IP
94.242.61.116,8443,Possible Metasploit C2 IP
